3.232700000000000000e+04
32326.0
32248.0
32070.0
31936.0
31660.0
31610.0
31593.0
31644.0
31802.0
31809.0
31869.0
31904.0
31850.0
31841.0
31977.0
32189.0
32303.0
32443.0
32685.0
-32594.0
-32566.0
-32544.0
-32639.0
32756.0
32451.0
32465.0
32457.0
32358.0
32437.0
32603.0
32609.0
-32629.0
-32700.0
-32359.0
-32406.0
-32500.0
-32692.0
-32746.0
-32476.0
-32167.0
-32201.0
-32164.0
-32070.0
-31861.0
-31837.0
-31949.0
-31866.0
-31757.0
-31772.0
-31521.0
-31314.0
-31425.0
-31683.0
-31730.0
-31711.0
-31783.0
-31899.0
-31798.0
-31759.0
-31638.0
-31548.0
-31534.0
-31336.0
-31297.0
-31123.0
-31238.0
-31256.0
-31519.0
-31702.0
-31811.0
-31880.0
-31987.0
-31902.0
-31783.0
-31628.0
-31483.0
-31310.0
-31364.0
-31297.0
-31481.0
-31534.0
-31731.0
-31785.0
-31955.0
-31894.0
-32089.0
-32113.0
-32082.0
-32074.0
-31781.0
-31665.0
-31604.0
-31615.0
-31778.0
-31917.0
-32148.0
-32508.0
-32514.0
-32597.0
-32353.0
-32373.0
-32272.0
-32250.0
-32388.0
-32729.0
32587.0
32635.0
32715.0
32675.0
32671.0
32696.0
32705.0
32702.0
32572.0
32507.0
32559.0
32712.0
32479.0
32431.0
32292.0
32341.0
32440.0
32553.0
-32712.0
32759.0
32514.0
32409.0
32087.0
32001.0
31848.0
31950.0
32127.0
32269.0
32240.0
32091.0
31912.0
31897.0
31749.0
31742.0
31943.0
32061.0
31992.0
32005.0
31922.0
31730.0
31498.0
31461.0
31464.0
31378.0
31370.0
31523.0
31619.0
31766.0
31850.0
31732.0
31629.0
31565.0
31484.0
31259.0
31106.0
31053.0
31188.0
31180.0
31265.0
31011.0
31053.0
30938.0
30946.0
30822.0
30928.0
30924.0
30816.0
30570.0
30496.0
30478.0
30445.0
30618.0
30759.0
31127.0
31153.0
31132.0
30935.0
30745.0
30552.0
30494.0
30449.0
30327.0
30161.0
30126.0
30262.0
30225.0
30054.0
30163.0
30183.0
30194.0
30128.0
30121.0
30088.0
30062.0
29969.0
29934.0
30153.0
30172.0
30237.0
30322.0
30289.0
30131.0
29894.0
30045.0
30067.0
30218.0
30136.0
30014.0
29890.0
29911.0
30066.0
30086.0
30269.0
30424.0
30457.0
30199.0
29839.0
29520.0
29437.0
29641.0
30076.0
30696.0
31014.0
31158.0
31041.0
30744.0
30489.0
30301.0
30354.0
30475.0
30722.0
30773.0
31107.0
31406.0
31631.0
31920.0
31983.0
32046.0
32178.0
32061.0
32061.0
32087.0
32116.0
32192.0
32537.0
32712.0
-32482.0
-32394.0
-32386.0
-32415.0
-32515.0
-32403.0
-32486.0
-32375.0
-32418.0
-32501.0
-32530.0
-32445.0
-32284.0
-32112.0
-32077.0
-32387.0
-32496.0
-32648.0
-32716.0
-32622.0
-32574.0
-32479.0
-32228.0
-32068.0
-31934.0
-31953.0
-32041.0
-32097.0
-32283.0
-32257.0
-31987.0
-32028.0
-31694.0
-31687.0
-31643.0
-31661.0
-31802.0
-31878.0
-31749.0
-31567.0
-31441.0
-31076.0
-30912.0
-30983.0
-31115.0
-31229.0
-31410.0
-31756.0
-31875.0
-31601.0
-31185.0
-30922.0
-30945.0
-30846.0
-30601.0
-30627.0
-30719.0
-30709.0
-30812.0
-30909.0
-30950.0
-31112.0
-31249.0
-31226.0
-31011.0
-30821.0
-30465.0
-30499.0
-30263.0
-30113.0
-30487.0
-30880.0
-31077.0
-31128.0
-31169.0
-31155.0
-30948.0
-30759.0
-30774.0
-30826.0
-30854.0
-30851.0
-31047.0
-31228.0
-31066.0
-31014.0
-31169.0
-30989.0
-31043.0
-30844.0
-30890.0
-31044.0
-31136.0
-31281.0
-31457.0
-31520.0
-31544.0
-31471.0
-31228.0
-30964.0
-30778.0
-30701.0
-30698.0
-30989.0
-30929.0
-30759.0
-31849.0
-32244.0
-31951.0
-32145.0
-32216.0
-31728.0
-31102.0
-31002.0
-31369.0
-31714.0
-32247.0
32753.0
32727.0
-32664.0
-32238.0
32675.0
32316.0
-32322.0
-32446.0
32027.0
32263.0
-32587.0
32621.0
32178.0
32285.0
31772.0
31172.0
31377.0
31957.0
31629.0
31526.0
32039.0
31942.0
30744.0
30056.0
30243.0
29939.0
29881.0
30902.0
31628.0
31455.0
31380.0
32005.0
31836.0
31312.0
31088.0
31253.0
30695.0
29973.0
29626.0
29674.0
29568.0
29550.0
30047.0
30843.0
30991.0
31107.0
31290.0
31643.0
31582.0
31074.0
31014.0
31549.0
31505.0
30483.0
30194.0
28604.0
-25611.0
-22958.0
-17872.0
-14126.0
-11752.0
-9815.0
-8934.0
-10716.0
-11831.0
-11394.0
-10916.0
-10909.0
-10002.0
-8223.0
-8110.0
-9580.0
-9306.0
-9206.0
-10901.0
-10635.0
-9074.0
-9342.0
-9086.0
-9324.0
-9086.0
-9806.0
-11830.0
-12308.0
-12061.0
-12751.0
-14413.0
-15347.0
-14737.0
-15130.0
-17444.0
-16994.0
-16391.0
-17477.0
-18746.0
-19517.0
-21004.0
-23339.0
-24433.0
-25276.0
-25853.0
-24776.0
-24688.0
-25248.0
-25277.0
-25452.0
-26439.0
-28389.0
-28868.0
-28339.0
-29664.0
-30406.0
-29392.0
-28896.0
-29548.0
-29780.0
-29536.0
-29687.0
-30656.0
-31316.0
-30865.0
-31159.0
-31854.0
-31644.0
-30912.0
-31054.0
-31432.0
-31183.0
-31064.0
-31504.0
-31542.0
-31260.0
-31251.0
-31424.0
-31225.0
-31275.0
-31538.0
-31607.0
32206.0
30883.0
31017.0
31533.0
31873.0
32372.0
-31844.0
-30737.0
-30739.0
-30757.0
-30650.0
-31248.0
-31787.0
-32227.0
32652.0
31561.0
30868.0
30807.0
31280.0
32175.0
-32546.0
-32093.0
-32103.0
-32716.0
31888.0
30928.0
30173.0
30063.0
30787.0
32019.0
31259.0
29502.0
27740.0
28098.0
29223.0
30324.0
32034.0
-32140.0
-32543.0
32723.0
32251.0
30782.0
30319.0
32119.0
-31883.0
-30644.0
-31073.0
-32044.0
31727.0
30895.0
32029.0
-31945.0
-30463.0
-29379.0
-28050.0
-28666.0
-29915.0
-31686.0
32206.0
31313.0
31293.0
32475.0
32540.0
-32755.0
-32086.0
-31874.0
31245.0
-20430.0
-17807.0
-10287.0
-7423.0
-5111.0
-2858.0
-2217.0
-2248.0
-2278.0
-2309.0
-2339.0
-2370.0
-2401.0
-2431.0
-2461.0
-2492.0
-2522.0
-2552.0
-2583.0
-2612.0
-2642.0
-4187.0
-4648.0
-3829.0
-2530.0
-2788.0
-2818.0
-2831.0
-4392.0
-6399.0
-7824.0
-8447.0
-8117.0
-7806.0
-7518.0
-7210.0
-9370.0
-12102.0
-12858.0
-14309.0
-15303.0
-15853.0
-15591.0
-16326.0
-17492.0
-18209.0
-18385.0
-20699.0
-21945.0
-23319.0
-25625.0
-28983.0
-31210.0
-32225.0
32545.0
32016.0
31956.0
30644.0
27590.0
25994.0
25206.0
24169.0
26388.0
28216.0
28727.0
28176.0
27443.0
27321.0
28873.0
28515.0
28993.0
31738.0
30687.0
28378.0
30798.0
32566.0
32406.0
32342.0
31771.0
29515.0
26745.0
22669.0
25344.0
29567.0
29833.0
32401.0
-30888.0
-31056.0
31492.0
27619.0
23771.0
19970.0
17978.0
20663.0
28590.0
-25697.0
-16198.0
-11431.0
-8966.0
-6622.0
-6809.0
-6879.0
-4660.0
-3251.0
-3642.0
-4460.0
-4617.0
-3193.0
-3466.0
-3496.0
-3526.0
-3555.0
-3583.0
-3612.0
-3641.0
-5927.0
-8422.0
-9336.0
-9417.0
-9678.0
-10224.0
-10409.0
-11275.0
-13390.0
-15583.0
-17069.0
-18342.0
-19678.0
-21060.0
-22071.0
-23570.0
-25725.0
-27028.0
-27778.0
-28938.0
-29553.0
-29582.0
-29745.0
-30762.0
32582.0
32180.0
31141.0
27320.0
25671.0
27561.0
28044.0
26277.0
25055.0
26983.0
27711.0
25725.0
24708.0
24970.0
24508.0
22747.0
20454.0
19921.0
18341.0
15114.0
13137.0
12116.0
12282.0
12848.0
14437.0
19961.0
23324.0
24499.0
26217.0
25867.0
24218.0
23312.0
22161.0
21593.0
23175.0
22227.0
21603.0
21314.0
19882.0
19131.0
19434.0
17216.0
20355.0
26473.0
31977.0
-32122.0
-31649.0
-31181.0
-30587.0
-29692.0
-28469.0
-28317.0
-29869.0
-31251.0
-32504.0
31879.0
30324.0
29853.0
29748.0
29351.0
27870.0
25925.0
23648.0
22741.0
20590.0
19129.0
18390.0
17294.0
15355.0
13523.0
12390.0
11704.0
10867.0
10359.0
10851.0
10596.0
9532.0
8660.0
6871.0
5190.0
3932.0
1656.0
1216.0
2102.0
2280.0
3072.0
3896.0
4073.0
3955.0
2393.0
1706.0
1549.0
1223.0
1860.0
4476.0
5470.0
5812.0
5960.0
5892.0
5190.0
4443.0
3860.0
3648.0
2991.0
2913.0
2911.0
3682.0
3696.0
3798.0
3998.0
2822.0
1155.0
390.0
563.0
1113.0
2310.0
3769.0
4779.0
5431.0
6395.0
6271.0
6173.0
6901.0
7859.0
8667.0
9352.0
9258.0
8705.0
7903.0
7680.0
7343.0
7222.0
8771.0
9703.0
10795.0
12095.0
13353.0
14465.0
15840.0
18079.0
21047.0
23951.0
26794.0
30087.0
30781.0
31651.0
31545.0
29088.0
31317.0
-29044.0
-26741.0
-25336.0
-22869.0
-22210.0
-24389.0
-26876.0
-26526.0
-25764.0
-25223.0
-23171.0
-20597.0
-20575.0
-21905.0
-23039.0
-23664.0
-23851.0
-23777.0
-23553.0
-24005.0
-25303.0
-26253.0
-26815.0
-27269.0
-26542.0
-25216.0
-24768.0
-25130.0
-25481.0
-26644.0
-28408.0
-29917.0
-30663.0
-30496.0
-30594.0
-30441.0
-29727.0
-29352.0
-29759.0
-30138.0
-30361.0
-30310.0
-30131.0
-30027.0
-29729.0
-30004.0
-30227.0
-30320.0
-30266.0
-29931.0
-29664.0
-29601.0
-29760.0
-30240.0
-30879.0
-31445.0
-31941.0
-32232.0
-32159.0
-32087.0
-32108.0
-32409.0
-32682.0
32260.0
31912.0
31592.0
31211.0
30936.0
30830.0
30656.0
30099.0
29808.0
29513.0
29250.0
29053.0
28881.0
28619.0
28441.0
28092.0
27753.0
27482.0
27217.0
27103.0
26821.0
26738.0
26255.0
25816.0
25705.0
25545.0
25187.0
25373.0
25649.0
25630.0
25397.0
24938.0
24592.0
23971.0
23463.0
23203.0
23283.0
23378.0
23785.0
24148.0
24398.0
24452.0
24279.0
24014.0
23537.0
23256.0
23024.0
23232.0
23188.0
23317.0
23162.0
23439.0
23670.0
23598.0
23365.0
23361.0
23131.0
22840.0
22562.0
22398.0
22733.0
23020.0
23248.0
23392.0
23382.0
23280.0
23128.0
22926.0
22858.0
22788.0
22839.0
23001.0
23130.0
23350.0
23761.0
24122.0
24270.0
24548.0
24734.0
24785.0
24708.0
25001.0
25187.0
25789.0
26357.0
26862.0
27495.0
27569.0
26551.0
24413.0
23268.0
22344.0
22000.0
21847.0
22077.0
22171.0
22249.0
22170.0
22083.0
21865.0
21849.0
21927.0
22267.0
22504.0
22740.0
22888.0
23188.0
23365.0
23293.0
23222.0
23318.0
23331.0
23187.0
23139.0
23165.0
23154.0
23166.0
23246.0
22990.0
22861.0
22456.0
22262.0
21906.0
21593.0
21166.0
20806.0
20644.0
20516.0
20404.0
20071.0
20009.0
19726.0
19309.0
18820.0
18200.0
17714.0
17380.0
17203.0
17119.0
16846.0
16361.0
16037.0
15671.0
15246.0
14871.0
14303.0
14052.0
13882.0
13588.0
13395.0
13260.0
13178.0
13019.0
12748.0
12657.0
12734.0
12635.0
12653.0
12644.0
12608.0
12654.0
12656.0
12666.0
12738.0
12753.0
13037.0
12856.0
12890.0
12985.0
12911.0
12666.0
12851.0
13196.0
13575.0
14170.0
14590.0
14863.0
15098.0
15018.0
14794.0
14944.0
15320.0
15659.0
16193.0
16623.0
16945.0
17100.0
17080.0
16889.0
16985.0
17328.0
17690.0
18308.0
18746.0
18933.0
19226.0
19388.0
19525.0
19747.0
20137.0
20199.0
20677.0
20613.0
20660.0
20895.0
21131.0
21348.0
21575.0
21754.0
22040.0
22197.0
22411.0
22460.0
22539.0
22773.0
22996.0
23280.0
23486.0
23746.0
23939.0
24056.0
24383.0
24452.0
24704.0
25103.0
25513.0
25839.0
26253.0
26422.0
26613.0
26855.0
27023.0
27173.0
27258.0
27613.0
28018.0
28307.0
28715.0
29209.0
29506.0
29678.0
29797.0
29864.0
29901.0
29989.0
29851.0
30000.0
30334.0
30676.0
30705.0
30600.0
30444.0
30255.0
30133.0
30256.0
30516.0
30868.0
31098.0
31431.0
31681.0
31522.0
31465.0
31750.0
31869.0
31985.0
32081.0
32222.0
32208.0
32073.0
31997.0
32249.0
32437.0
32726.0
-32221.0
-31905.0
-31728.0
-31779.0
-31973.0
-31813.0
-31709.0
-31967.0
-32048.0
-31822.0
-31651.0
-31538.0
-31535.0
-31067.0
-31070.0
-31269.0
-31292.0
-31445.0
-31733.0
-31753.0
-31557.0
-31328.0
-31223.0
-30983.0
-30753.0
-30757.0
-30947.0
-30976.0
-31047.0
-31156.0
-31179.0
-31147.0
-31061.0
-31228.0
-31154.0
-30872.0
-30883.0
-30824.0
-30898.0
-31005.0
-31355.0
-31654.0
-31906.0
-31996.0
-31801.0
-31592.0
-31245.0
-31108.0
-31032.0
-31126.0
-31370.0
-31531.0
-31665.0
-31805.0
-31971.0
-31825.0
-31489.0
-31450.0
-31183.0
-31117.0
-31286.0
-31519.0
-31829.0
-32219.0
-32262.0
-32126.0
-31917.0
-31927.0
-31703.0
-31642.0
-31859.0
-32077.0
-32151.0
-32063.0
-32121.0
-32107.0
-32002.0
-32062.0
-31894.0
-31874.0
-31737.0
-31742.0
-31869.0
-32027.0
-32064.0
-32440.0
32759.0
32531.0
32446.0
32655.0
-32558.0
-32363.0
-32191.0
-32298.0
32747.0
32696.0
32666.0
32247.0
32144.0
32036.0
31965.0
32077.0
32019.0
31965.0
32040.0
32028.0
32013.0
31847.0
31627.0
31753.0
31656.0
31468.0
31512.0
31421.0
31108.0
31090.0
31081.0
31097.0
31141.0
31132.0
31252.0
30929.0
30881.0
30688.0
30714.0
30416.0
30498.0
30562.0
30669.0
30722.0
30535.0
30503.0
30420.0
30172.0
30154.0
30115.0
30205.0
30284.0
30409.0
30491.0
30446.0
30611.0
30663.0
30316.0
30122.0
30063.0
30089.0
30124.0
30415.0
30685.0
30946.0
30959.0
31095.0
31154.0
30836.0
30642.0
30418.0
30323.0
30322.0
30520.0
30663.0
30634.0
30859.0
30984.0
31049.0
31069.0
31087.0
31084.0
30726.0
30542.0
30419.0
30376.0
30196.0
30478.0
30636.0
30720.0
30864.0
30829.0
30648.0
30648.0
30505.0
30401.0
30377.0
30454.0
30368.0
30332.0
30485.0
30403.0
30316.0
30290.0
30463.0
30545.0
30677.0
30569.0
30326.0
30030.0
29669.0
29486.0
29791.0
30130.0
30464.0
30564.0
30411.0
30386.0
30114.0
30021.0
30151.0
30203.0
30220.0
30115.0
30248.0
30312.0
30396.0
30045.0
29892.0
30125.0
30229.0
30162.0
30314.0
30413.0
30523.0
30699.0
30697.0
30589.0
30437.0
30424.0
30278.0
30360.0
30430.0
30443.0
30606.0
30892.0
30971.0
31087.0
30967.0
30991.0
31032.0
31005.0
30894.0
30676.0
30698.0
30818.0
30921.0
31082.0
31233.0
31430.0
31523.0
31719.0
31666.0
31661.0
31541.0
31356.0
31415.0
31531.0
31688.0
32005.0
32577.0
-32677.0
-32437.0
-32323.0
-32320.0
-32375.0
-32451.0
-32363.0
-32286.0
-32193.0
-31949.0
-31890.0
-31796.0
-31647.0
-31561.0
-31546.0
-31639.0
-31702.0
-31693.0
-31486.0
-31543.0
-31509.0
-31574.0
-31391.0
-31155.0
-31039.0
-31046.0
-31086.0
-31014.0
-31087.0
-31631.0
-31894.0
-31893.0
-31560.0
-30949.0
-30374.0
-29986.0
-29831.0
-29903.0
-30238.0
-30639.0
-30854.0
-31157.0
-31064.0
-30838.0
-30553.0
-30222.0
-29825.0
-29756.0
-29577.0
-29828.0
-30181.0
-30365.0
-30447.0
-30248.0
-30211.0
-30173.0
-30060.0
-30076.0
-30437.0
-30414.0
-30034.0
-29867.0
-29897.0
-29655.0
-29708.0
-29856.0
-30001.0
-29995.0
-29958.0
-29773.0
-29904.0
-29886.0
-29941.0
-29979.0
-30118.0
-30118.0
-29815.0
-29579.0
-29306.0
-29137.0
-29183.0
-29347.0
-29398.0
-29536.0
-29349.0
-29087.0
-28980.0
-29039.0
-29149.0
-29402.0
-29568.0
-29694.0
-29636.0
-29492.0
-29551.0
-29418.0
-29345.0
-29358.0
-29368.0
-29476.0
-29443.0
-29334.0
-29266.0
-29337.0
-29447.0
-29660.0
-29587.0
-29782.0
-29736.0
-29434.0
-29272.0
-29435.0
-29610.0
-29518.0
-29703.0
-29672.0
-29560.0
-29153.0
-28832.0
-28878.0
-28813.0
-28914.0
-29206.0
-29448.0
-29792.0
-30010.0
-29933.0
-29687.0
-29479.0
-29282.0
-29069.0
-28957.0
-29061.0
-29570.0
-29900.0
-30090.0
-30338.0
-30531.0
-30525.0
-30707.0
-30413.0
-30048.0
-29917.0
-29764.0
-29916.0
-30049.0
-30271.0
-30481.0
-30579.0
-30534.0
-30324.0
-30244.0
-30398.0
-30420.0
-30245.0
-30085.0
-29990.0
-29969.0
-29928.0
-30137.0
-30470.0
-30613.0
-30682.0
-30660.0
-30652.0
-30411.0
-30174.0
-30043.0
-30046.0
-30064.0
-30115.0
-30227.0
-30322.0
-30473.0
-30527.0
-30597.0
-30585.0
-30487.0
-30648.0
-30560.0
-30481.0
-30395.0
-30402.0
-30419.0
-30452.0
-30516.0
-30899.0
-30830.0
-30820.0
-30735.0
-30636.0
-30594.0
-30342.0
-30347.0
-30609.0
-30499.0
-30574.0
-30831.0
-30851.0
-30635.0
-30486.0
-30224.0
-30111.0
-30075.0
-30260.0
-30326.0
-30183.0
-30334.0
-30557.0
-30502.0
-30560.0
-30790.0
-30973.0
-30906.0
-30890.0
-30556.0
-30290.0
-30059.0
-29944.0
-29892.0
-29979.0
-30096.0
-30289.0
-30546.0
-30603.0
-30561.0
-30475.0
-30440.0
-30186.0
-30039.0
-30101.0
-30326.0
-30229.0
-30141.0
-30190.0
-30382.0
-30163.0
-29843.0
-29486.0
-29377.0
-29200.0
-29248.0
-29145.0
-29018.0
-29012.0
-28898.0
-28750.0
-28606.0
-28499.0
-28582.0
-28592.0
-28853.0
-28941.0
-29034.0
-29008.0
-28820.0
-28602.0
-28490.0
-28698.0
-28694.0
-28847.0
-28786.0
-28731.0
-28612.0
-28467.0
-28426.0
-28493.0
-28399.0
-28496.0
-28621.0
-28666.0
-28557.0
-28660.0
-28704.0
-28773.0
-28970.0
-29146.0
-29172.0
-28920.0
-28785.0
-28614.0
-28637.0
-28816.0
-29197.0
-29286.0
-29354.0
-29286.0
-28897.0
-28595.0
-28354.0
-28384.0
-28754.0
-29062.0
-29372.0
-29494.0
-29421.0
-29098.0
-28656.0
-28311.0
-28640.0
-29148.0
-29460.0
-29631.0
-29676.0
-29541.0
-29324.0
-29255.0
-29182.0
-29381.0
-29566.0
-29817.0
-29960.0
-29926.0
-29638.0
-29297.0
-29187.0
-29390.0
-29526.0
-29772.0
-30054.0
-29900.0
-29640.0
-29427.0
-29480.0
-29575.0
-29593.0
-29760.0
-29994.0
-29765.0
-29872.0
-29881.0
-29829.0
-29869.0
-29882.0
-29847.0
-29818.0
-29936.0
-29939.0
-30015.0
-30154.0
-30405.0
-30540.0
-30433.0
-30243.0
-30049.0
-29980.0
-29933.0
-30040.0
-29857.0
-29760.0
-29730.0
-29819.0
-29875.0
-30019.0
-30074.0
-29908.0
-30016.0
-30122.0
-29947.0
-29838.0
-29712.0
-29654.0
-29653.0
-29452.0
-29479.0
-29607.0
-29613.0
-29755.0
-29675.0
-29821.0
-29730.0
-29702.0
-29658.0
-29598.0
-29319.0
-29312.0
-29482.0
-29621.0
-29912.0
-30169.0
-30111.0
-30029.0
-29888.0
-29970.0
-29935.0
-29845.0
-29938.0
-29818.0
-29424.0
-29329.0
-29503.0
-29532.0
-29657.0
-29858.0
-30013.0
-30219.0
-30151.0
-29985.0
-29912.0
-29800.0
-29648.0
-29589.0
-29866.0
-30231.0
-30198.0
-30236.0
-30246.0
-30214.0
-30129.0
-30027.0
-30125.0
-30152.0
-30053.0
-30089.0
-30464.0
-30460.0
-30194.0
-30197.0
-30040.0
-30130.0
-29768.0
-29779.0
-29955.0
-30030.0
-30284.0
-30265.0
-30443.0
-30473.0
-30354.0
-30277.0
-30289.0
-30326.0
-30476.0
-30586.0
-30596.0
-30606.0
-30549.0
-30447.0
-30353.0
-30430.0
-30526.0
-30749.0
-30775.0
-30610.0
-30848.0
-30817.0
-30754.0
-30926.0
-31080.0
-30941.0
-30737.0
-30639.0
-30674.0
-30760.0
-30704.0
-30894.0
-31309.0
-31455.0
-31538.0
-31568.0
-31420.0
-31108.0
-30660.0
-30214.0
-30071.0
-29886.0
-29955.0
-30219.0
-30510.0
-30854.0
-30931.0
-30746.0
-30704.0
-30442.0
-30210.0
-29907.0
-29818.0
-29817.0
-29938.0
-30255.0
-30508.0
-30735.0
-30931.0
-30861.0
-30507.0
-30095.0
-29732.0
-29429.0
-29607.0
-29788.0
-30185.0
-30509.0
-30813.0
-31176.0
-31308.0
-31066.0
-30883.0
-30725.0
-30523.0
-30364.0
-30235.0
-30154.0
-30283.0
-30442.0
-30807.0
-31013.0
-31224.0
-31260.0
-31289.0
-31172.0
-30881.0
-30446.0
-30309.0
-30240.0
-30306.0
-30651.0
-31112.0
-31710.0
-31998.0
-32021.0
-31942.0
-31581.0
-31178.0
-31059.0
-30988.0
-30963.0
-30973.0
-30935.0
-31061.0
-31056.0
-30901.0
-30644.0
-30527.0
-30499.0
-30459.0
-30563.0
-30508.0
-30558.0
-30588.0
-30529.0
-30396.0
-30303.0
-30387.0
-30386.0
-30357.0
-30536.0
-30542.0
-30407.0
-30367.0
-30347.0
-30261.0
-30209.0
-30159.0
-30057.0
-29925.0
-29824.0
-29823.0
-29784.0
-29878.0
-29869.0
-30028.0
-30048.0
-29890.0
-29715.0
-29577.0
-29487.0
-29612.0
-29714.0
-29814.0
-29767.0
-29610.0
-29582.0
-29622.0
-29482.0
-29404.0
-29485.0
-29908.0
-29741.0
-29544.0
-29509.0
-29317.0
-29315.0
-29359.0
-29777.0
-29783.0
-29658.0
-29560.0
-29650.0
-29724.0
-29709.0
-29892.0
-29869.0
-29756.0
-29627.0
-29559.0
-29503.0
-29687.0
-29742.0
-29745.0
-29987.0
-29732.0
-29707.0
-29698.0
-29432.0
-29574.0
-29738.0
-29937.0
-30150.0
-30277.0
-30540.0
-30357.0
-30167.0
-30009.0
-29981.0
-30016.0
-30197.0
-30318.0
-30268.0
-30312.0
-30270.0
-30211.0
-30444.0
-30269.0
-30340.0
-30133.0
-30233.0
-30204.0
-30111.0
-30147.0
-30306.0
-30360.0
-30485.0
-30831.0
-30917.0
-30649.0
-30515.0
-30323.0
-30234.0
-30076.0
-29937.0
-29750.0
-29726.0
-29794.0
-30094.0
-30115.0
-30160.0
-30401.0
-30373.0
-30219.0
-30141.0
-30069.0
-30028.0
-29982.0
-29904.0
-29980.0
-30051.0
-30092.0
-30222.0
-30351.0
-30068.0
-29974.0
-30036.0
-30039.0
-29688.0
-29807.0
-29809.0
-29759.0
-29950.0
-30167.0
-30286.0
-30580.0
-30576.0
-30470.0
-30079.0
-29890.0
-29820.0
-29989.0
-30200.0
-30568.0
-30729.0
-30908.0
-31242.0
-31122.0
-30704.0
-30668.0
-30664.0
-30528.0
-30460.0
-30321.0
-30294.0
-30156.0
-30097.0
-30181.0
-30364.0
-30744.0
-30965.0
-31217.0
-31194.0
-31068.0
-31043.0
-30920.0
-30700.0
-30645.0
-30590.0
-30621.0
-30580.0
-30721.0
-30819.0
-31064.0
-31292.0
-31141.0
-30928.0
-30483.0
-30219.0
-30158.0
-30323.0
-30419.0
-30612.0
-31077.0
-31265.0
-31227.0
-30953.0
-30562.0
-30401.0
-30495.0
-30455.0
-30521.0
-30539.0
-30538.0
-30329.0
-30504.0
-30573.0
-30600.0
-30653.0
-30755.0
-30785.0
-30721.0
-30347.0
-30233.0
-29876.0
-29769.0
-29828.0
-29849.0
-29934.0
-30121.0
-30216.0
-30435.0
-30752.0
-30780.0
-30678.0
-30668.0
-30422.0
-30327.0
-30166.0
-30165.0
-30551.0
-30650.0
-30915.0
-31026.0
-30958.0
-30936.0
-30856.0
-30484.0
-30147.0
-30107.0
-29992.0
-29756.0
-30099.0
-30390.0
-30457.0
-30696.0
-30965.0
-30978.0
-30584.0
-30133.0
-29715.0
-29215.0
-29052.0
-29330.0
-29545.0
-29982.0
-30431.0
-30398.0
-30381.0
-30303.0
-30338.0
-30203.0
-30091.0
-30227.0
-30224.0
-29939.0
-29809.0
-29883.0
-29980.0
-30055.0
-30074.0
-30099.0
-30276.0
-30175.0
-30160.0
-30049.0
-29793.0
-29729.0
-29616.0
-29856.0
-30241.0
-30500.0
-30608.0
-30675.0
-30465.0
-30189.0
-29665.0
-29568.0
-29654.0
-29867.0
-30019.0
-30006.0
-30072.0
-30198.0
-30006.0
-29998.0
-29997.0
-30054.0
-29696.0
-29580.0
-29566.0
-29805.0
-29962.0
-30038.0
-30206.0
-30298.0
-30162.0
-29867.0
-29811.0
-30162.0
-30137.0
-30288.0
-30318.0
-30141.0
-30085.0
-30275.0
-30404.0
-30503.0
-30697.0
-30652.0
-30573.0
-30521.0
-30310.0
-30124.0
-30022.0
-30355.0
-30582.0
-30708.0
-30928.0
-31246.0
-31333.0
-30907.0
-30658.0
-30723.0
-30818.0
-30831.0
-30695.0
-30763.0
-30621.0
-30439.0
-30509.0
-30723.0
-30999.0
-31021.0
-31064.0
-30928.0
-30808.0
-30227.0
-29693.0
-29700.0
-29962.0
-30202.0
-30703.0
-30975.0
-31275.0
-31360.0
-31135.0
-30860.0
-30595.0
-30469.0
-30529.0
-30692.0
-31005.0
-31027.0
-30993.0
-30857.0
-31058.0
-31050.0
-31119.0
-31255.0
-31459.0
-31341.0
-31094.0
-31026.0
-31026.0
-31019.0
-31206.0
-31491.0
-31674.0
-31776.0
-31719.0
-31476.0
-31328.0
-31401.0
-31268.0
-31250.0
-31272.0
-31389.0
-31580.0
-31536.0
-31533.0
-31416.0
-31517.0
-31239.0
-31068.0
-31294.0
-31303.0
-31531.0
-31600.0
-31687.0
-31898.0
-31994.0
-31996.0
-32090.0
-32013.0
-31952.0
-31889.0
-31917.0
-31868.0
-31649.0
-31514.0
-31638.0
-31569.0
-31412.0
-31514.0
-31669.0
-31774.0
-31879.0
-32050.0
-32151.0
-32088.0
-31845.0
-31646.0
-31684.0
-31741.0
-31714.0
-31813.0
-32006.0
-32212.0
-32349.0
-32216.0
-32140.0
-32071.0
-31868.0
-31669.0
-31659.0
-31732.0
-31848.0
-32082.0
-32287.0
-32561.0
-32651.0
-32676.0
-32420.0
-31914.0
-31587.0
-31177.0
-30972.0
-30812.0
-30738.0
-31027.0
-31288.0
-31349.0
-31612.0
-31659.0
-31410.0
-31462.0
-31526.0
-31371.0
-31088.0
-30897.0
-31031.0
-30786.0
-30513.0
-30778.0
-31086.0
-30986.0
-30809.0
-30599.0
-30418.0
-30189.0
-30181.0
-30267.0
-30386.0
-30366.0
-30411.0
-30555.0
-30783.0
-30871.0
-30923.0
-31004.0
-31101.0
-30940.0
-30715.0
-30544.0
-30491.0
-30437.0
-30326.0
-30621.0
-30685.0
-30666.0
-30758.0
-30465.0
-30164.0
-29888.0
-29812.0
-29949.0
-30203.0
-30420.0
-30577.0
-30520.0
-30416.0
-30055.0
-29898.0
-29989.0
-30147.0
-30485.0
-30444.0
-30299.0
-30337.0
-30164.0
-30231.0
-30340.0
-30174.0
-30212.0
-30079.0
-29915.0
-29869.0
-29826.0
-29911.0
-29962.0
-30287.0
-30699.0
-30796.0
-30655.0
-30747.0
-30720.0
-30721.0
-30677.0
-30495.0
-30582.0
-30458.0
-30526.0
-30470.0
-30355.0
-30330.0
-30408.0
-30658.0
-31004.0
-30834.0
-30590.0
-30232.0
-30013.0
-29807.0
-29949.0
-30135.0
-30510.0
-30992.0
-31181.0
-31173.0
-31156.0
-31004.0
-30986.0
-30878.0
-30756.0
-30516.0
-30481.0
-30441.0
-30533.0
-30597.0
-30684.0
-30958.0
-31085.0
-31259.0
-31376.0
-31276.0
-31039.0
-30917.0
-30846.0
-30727.0
-30911.0
-31196.0
-31450.0
-31313.0
-31277.0
-31280.0
-31208.0
-31164.0
-31245.0
-31220.0
-31428.0
-31409.0
-31395.0
-31198.0
-31078.0
-30944.0
-31271.0
-31208.0
-31204.0
-31282.0
-31308.0
-31181.0
-31127.0
-31006.0
-30960.0
-31028.0
-30357.0
-28633.0
-27879.0
-28118.0
-28683.0
-29106.0
-29262.0
-29444.0
-29929.0
-29933.0
-29876.0
-29938.0
-30280.0
-30538.0
-30856.0
-31182.0
-31537.0
-31702.0
-31691.0
-31566.0
-31498.0
-31418.0
-31466.0
-31546.0
-31725.0
-31904.0
-32120.0
-32101.0
-32078.0
-31984.0
-31889.0
-31970.0
-32107.0
-32132.0
-32132.0
-32161.0
-32121.0
-32318.0
-32413.0
-32468.0
-32650.0
-32701.0
-32485.0
-32312.0
-32006.0
-31795.0
-31669.0
-31785.0
-31838.0
-31953.0
-32138.0
-32228.0
-32060.0
-31924.0
-31715.0
-31674.0
-31648.0
-31866.0
-32022.0
-32057.0
-32141.0
-32220.0
-32091.0
-31750.0
-31555.0
-31550.0
-31493.0
-31507.0
-31444.0
-31462.0
-31623.0
-31794.0
-31830.0
-32012.0
-32178.0
-32234.0
-32269.0
-32168.0
-32041.0
-31813.0
-31489.0
-31378.0
-31389.0
-31597.0
-31747.0
-32191.0
-32232.0
-32233.0
-31992.0
-31649.0
-31272.0
-30985.0
-30824.0
-30837.0
-30877.0
-31197.0
-31311.0
-31386.0
-31485.0
-31649.0
-31534.0
-31255.0
-30811.0
-30621.0
-30373.0
-30090.0
-30392.0
-30600.0
-30908.0
-30694.0
-30597.0
-30745.0
-30829.0
-30601.0
-30587.0
-30648.0
-30503.0
-30254.0
-30332.0
-30702.0
-31093.0
-31192.0
-31366.0
-31439.0
-31392.0
-31160.0
-30881.0
-30734.0
-30591.0
-30526.0
-30604.0
-30481.0
-30279.0
-30179.0
-30388.0
-30650.0
-31074.0
-31645.0
-31898.0
-31635.0
-30935.0
-30329.0
-29853.0
-29681.0
-29842.0
-30372.0
-30960.0
-31368.0
-31551.0
-31508.0
-31244.0
-31079.0
-30657.0
-30779.0
-30721.0
-30521.0
-30473.0
-30453.0
-30512.0
-30413.0
-30873.0
-31356.0
-31554.0
-31501.0
-31297.0
-30936.0
-30560.0
-30511.0
-30617.0
-30817.0
-30921.0
-31176.0
-31384.0
-31269.0
-30911.0
-30775.0
-30809.0
-31038.0
-31264.0
-31264.0
-31481.0
-31501.0
-31293.0
-31274.0
-31572.0
-31624.0
-31749.0
-31746.0
-31657.0
-31474.0
-31350.0
-31300.0
-31366.0
-31798.0
-32028.0
-32149.0
-32105.0
-32089.0
-32045.0
-31892.0
-31797.0
-32028.0
-32338.0
-32488.0
-32444.0
-32283.0
-32124.0
-31824.0
-31904.0
-32086.0
-32346.0
-32618.0
32473.0
32158.0
32082.0
32168.0
32295.0
32442.0
-32756.0
-32570.0
-32496.0
-32431.0
-32384.0
-32655.0
32487.0
32084.0
31568.0
31458.0
31547.0
31846.0
32129.0
32488.0
-32712.0
-32632.0
32704.0
32454.0
32312.0
32242.0
32317.0
32363.0
32417.0
32508.0
32478.0
32344.0
32168.0
32138.0
32024.0
31759.0
31948.0
32173.0
32085.0
32311.0
32496.0
32459.0
32498.0
32021.0
32005.0
31881.0
31847.0
31573.0
31280.0
31312.0
31375.0
31418.0
31540.0
31969.0
31994.0
32058.0
32069.0
32275.0
32446.0
32161.0
31861.0
31450.0
31222.0
31058.0
31218.0
31536.0
31906.0
32242.0
32402.0
32271.0
32088.0
31813.0
31666.0
31569.0
31654.0
31685.0
32165.0
32317.0
32547.0
32319.0
31949.0
31467.0
31080.0
30942.0
31124.0
31289.0
31475.0
31752.0
31851.0
31979.0
32168.0
32468.0
32437.0
32593.0
32651.0
32349.0
31750.0
31338.0
31296.0
31370.0
31852.0
32338.0
32634.0
32749.0
32709.0
32653.0
32443.0
32257.0
32132.0
32051.0
32269.0
32244.0
32278.0
32483.0
32685.0
-32622.0
-32587.0
-32561.0
-32674.0
-32460.0
-32434.0
-32485.0
-32503.0
-32481.0
-32441.0
-32368.0
-32250.0
-32062.0
-32176.0
-32294.0
-32418.0
-32489.0
-32371.0
-32335.0
-32232.0
-32105.0
-32076.0
-32108.0
-32003.0
-32113.0
-32187.0
-32311.0
-32365.0
-32239.0
-32020.0
-31981.0
-31944.0
-32066.0
-32073.0
-32266.0
-32488.0
-32568.0
32760.0
32714.0
-32720.0
-32615.0
-32250.0
-31934.0
-31603.0
-31409.0
-31570.0
-32004.0
-32019.0
-32196.0
-32326.0
-32129.0
-31749.0
-31139.0
-30933.0
-30810.0
-30877.0
-31132.0
-31375.0
-31607.0
-31914.0
-31910.0
-32062.0
-31780.0
-31694.0
-31581.0
-31317.0
-31158.0
-31049.0
-30998.0
-31316.0
-31784.0
-32248.0
-32628.0
32725.0
-32677.0
-32551.0
-32045.0
-31558.0
-31220.0
-31185.0
-30969.0
-31199.0
-31672.0
-31999.0
-32313.0
-32618.0
-32745.0
-32650.0
-32479.0
-32384.0
-31937.0
-31423.0
-31187.0
-31284.0
-31509.0
-31742.0
-32230.0
-32699.0
32537.0
32551.0
32555.0
32694.0
-32708.0
-32565.0
-32490.0
-32493.0
-32385.0
-32532.0
32743.0
32505.0
32205.0
31926.0
31710.0
31845.0
32110.0
32640.0
-32658.0
-32484.0
32766.0
32480.0
32013.0
31833.0
31782.0
32013.0
32124.0
32208.0
32294.0
32375.0
32277.0
32409.0
32514.0
32616.0
32577.0
32481.0
32209.0
32002.0
31767.0
31811.0
31862.0
32056.0
32147.0
32274.0
31956.0
31756.0
31777.0
31685.0
31505.0
31473.0
31596.0
31839.0
31982.0
32069.0
32132.0
32211.0
32157.0
32029.0
31870.0
31514.0
31164.0
31085.0
31208.0
31408.0
31817.0
32341.0
32590.0
32409.0
32182.0
31895.0
31575.0
31127.0
31129.0
31364.0
31744.0
31885.0
32218.0
32382.0
32380.0
32345.0
32367.0
32281.0
31978.0
31611.0
31339.0
31236.0
31309.0
31343.0
31808.0
32032.0
32006.0
31743.0
31618.0
31407.0
31407.0
31320.0
31397.0
31453.0
31453.0
31522.0
31500.0
31697.0
31663.0
31663.0
31654.0
31634.0
31727.0
31628.0
31392.0
31217.0
31042.0
30897.0
30890.0
31018.0
31080.0
31343.0
31277.0
30956.0
30692.0
30543.0
30428.0
30580.0
30829.0
31286.0
31451.0
31722.0
31831.0
31447.0
31283.0
31138.0
31133.0
31242.0
31216.0
31257.0
31368.0
31537.0
31617.0
31490.0
31496.0
31756.0
31775.0
31789.0
32093.0
32137.0
32388.0
32698.0
-32660.0
-32708.0
32740.0
32494.0
32231.0
32110.0
32168.0
32259.0
32697.0
-32634.0
-32384.0
-32027.0
-32030.0
-32059.0
-31906.0
-32033.0
-32372.0
-32404.0
-32318.0
-32433.0
-32520.0
-32533.0
-32378.0
-32067.0
-31771.0
-31841.0
-31578.0
-31871.0
-32172.0
-32284.0
-32516.0
-32370.0
-32297.0
-32184.0
-32154.0
-32198.0
-32011.0
-32190.0
-32305.0
-32251.0
-32307.0
-32274.0
-32406.0
-32411.0
-32381.0
-32354.0
-32182.0
-32162.0
-32083.0
-32098.0
-31998.0
-32015.0
-32098.0
-32082.0
-32069.0
-32076.0
-32091.0
-32223.0
-32294.0
-32418.0
-32408.0
-32613.0
-32623.0
-32455.0
-32487.0
-32616.0
-32540.0
-32450.0
-32346.0
-32346.0
-32113.0
-32060.0
-32092.0
-32337.0
-32637.0
32748.0
-32588.0
-32534.0
-32383.0
-31891.0
-31546.0
-31558.0
-31619.0
-31764.0
-31958.0
-32057.0
-32129.0
-32120.0
-32289.0
-32399.0
-32348.0
-32342.0
-32145.0
-32177.0
-32168.0
-32267.0
-32258.0
-32291.0
-32538.0
-32684.0
-32514.0
-32328.0
-32293.0
-32387.0
-32450.0
-32394.0
-32679.0
32628.0
32433.0
32394.0
32281.0
32510.0
-32764.0
-32562.0
-32511.0
-32503.0
-32587.0
-32635.0
32606.0
32299.0
32191.0
31996.0
32027.0
32059.0
32089.0
32195.0
32345.0
32597.0
32712.0
32740.0
-32588.0
-32637.0
32569.0
32096.0
31888.0
31689.0
31704.0
31880.0
32147.0
32553.0
32528.0
32599.0
32294.0
31996.0
31906.0
31962.0
31840.0
31878.0
31982.0
31817.0
31588.0
31732.0
31617.0
31427.0
31457.0
31383.0
31467.0
31497.0
31332.0
31328.0
31365.0
31534.0
31662.0
31810.0
31784.0
31608.0
31477.0
31456.0
31388.0
31411.0
31504.0
31658.0
31923.0
31907.0
31751.0
31500.0
31238.0
31185.0
31266.0
31608.0
31711.0
31861.0
31899.0
31885.0
31388.0
31155.0
30888.0
30733.0
30699.0
30919.0
30999.0
31182.0
31379.0
31357.0
31552.0
31565.0
31271.0
31017.0
30608.0
30390.0
30260.0
30155.0
30610.0
30722.0
30978.0
31306.0
31487.0
31453.0
31252.0
30889.0
30553.0
30159.0
29924.0
29982.0
29980.0
30299.0
30639.0
30859.0
31045.0
31059.0
30942.0
30740.0
30436.0
30171.0
30081.0
29982.0
30187.0
30366.0
30694.0
30980.0
31359.0
31507.0
31476.0
31383.0
31233.0
30986.0
30865.0
30730.0
30866.0
31164.0
31147.0
31601.0
31709.0
31947.0
32037.0
32037.0
31967.0
31776.0
31733.0
31683.0
31710.0
32002.0
32254.0
32397.0
32481.0
-32699.0
-32520.0
-32487.0
-32555.0
-32489.0
-32269.0
-32163.0
-32151.0
-32209.0
-32145.0
-31925.0
-32064.0
-31955.0
-32147.0
-32276.0
-32520.0
-32718.0
-32552.0
-32447.0
-32157.0
-31952.0
-31965.0
-31792.0
-31835.0
-32065.0
-32312.0
-32536.0
-32600.0
-32471.0
-32323.0
-32014.0
-31728.0
-31243.0
-30748.0
-30534.0
-30534.0
-31002.0
-31635.0
-31959.0
-32273.0
-32241.0
-32036.0
-31615.0
-30965.0
-30666.0
-30437.0
-30519.0
-30739.0
-31025.0
-31329.0
-31519.0
-31505.0
-31598.0
-31645.0
-31549.0
-31360.0
-31212.0
-31221.0
-31131.0
-31329.0
-31742.0
-31873.0
-32060.0
-32141.0
-32069.0
-31747.0
-31207.0
-31036.0
-31039.0
-31090.0
-31286.0
-31536.0
-31876.0
-32157.0
-32321.0
-32440.0
-32423.0
-32266.0
-31888.0
-31781.0
-31739.0
-31770.0
-31743.0
-31885.0
-32281.0
-32565.0
-32749.0
-32755.0
32719.0
32728.0
32759.0
-32593.0
-32392.0
-32466.0
-32614.0
-32740.0
32502.0
32268.0
32207.0
32387.0
32584.0
32758.0
32685.0
32662.0
32612.0
32427.0
32182.0
31912.0
31828.0
31864.0
32098.0
32076.0
32151.0
32330.0
32550.0
32616.0
32488.0
32269.0
32035.0
31846.0
31679.0
31526.0
31458.0
31693.0
32014.0
32035.0
32229.0
32372.0
32482.0
32672.0
32608.0
32385.0
32277.0
32451.0
32412.0
32345.0
32499.0
32562.0
32590.0
32702.0
32637.0
32463.0
32294.0
31964.0
31957.0
31710.0
31675.0
31817.0
31893.0
31803.0
31575.0
31640.0
31699.0
31826.0
31967.0
32106.0
32117.0
31935.0
31922.0
31694.0
31576.0
31557.0
31507.0
31498.0
31303.0
31103.0
31016.0
31116.0
31342.0
31399.0
31652.0
31753.0
31443.0
31269.0
31022.0
30557.0
30514.0
31030.0
31442.0
31619.0
31912.0
31983.0
31829.0
31557.0
31480.0
31378.0
31181.0
30989.0
30927.0
30975.0
31292.0
31448.0
31705.0
31942.0
31782.0
31479.0
31035.0
30718.0
30170.0
30158.0
30224.0
30610.0
30999.0
31552.0
31875.0
32086.0
31962.0
31575.0
31301.0
31278.0
31166.0
31076.0
31079.0
31111.0
31100.0
31090.0
31246.0
31643.0
31908.0
32009.0
32119.0
32097.0
31935.0
31911.0
31689.0
31710.0
31716.0
31820.0
31843.0
32258.0
32475.0
32606.0
32718.0
32746.0
-32693.0
-32693.0
32723.0
32590.0
32711.0
-32717.0
-32508.0
-32303.0
-32111.0
-31834.0
-31792.0
-31874.0
-32049.0
-32259.0
-32673.0
32625.0
32562.0
-32767.0
-32173.0
-31956.0
-31553.0
-31390.0
-31300.0
-31364.0
-31748.0
-32247.0
-32610.0
32665.0
32705.0
-32760.0
-32588.0
-32116.0
-31767.0
-31626.0
-31478.0
-31441.0
-31767.0
-32202.0
-32313.0
-32148.0
-31874.0
-31557.0
-31350.0
-31352.0
-31539.0
-31940.0
-32166.0
-32149.0
-31804.0
-31307.0
-30901.0
-30833.0
-31190.0
-31730.0
-32225.0
-32517.0
-32744.0
-32713.0
-32564.0
-32298.0
-32271.0
-32363.0
-32512.0
-32679.0
-32512.0
-32218.0
-32101.0
-32069.0
-32246.0
-32530.0
32620.0
32283.0
32284.0
32335.0
32665.0
-32519.0
-32405.0
-32490.0
-32370.0
-32559.0
-32670.0
-32528.0
-32515.0
-32431.0
-32455.0
-32234.0
-32216.0
-32193.0
-32043.0
-31974.0
-32138.0
-32405.0
-32574.0
32513.0
32155.0
32311.0
32312.0
32546.0
32659.0
-32585.0
-32414.0
-32543.0
-32709.0
-32604.0
-32461.0
-32590.0
-32343.0
-32569.0
32708.0
32445.0
32215.0
32261.0
32371.0
32444.0
32618.0
32694.0
-32539.0
-32498.0
-32394.0
-32734.0
32704.0
32564.0
32315.0
32310.0
32424.0
32401.0
32496.0
32531.0
32620.0
32603.0
32488.0
32397.0
32319.0
32147.0
31946.0
31799.0
31594.0
31390.0
31469.0
31782.0
31907.0
31924.0
32131.0
32299.0
32168.0
31944.0
31717.0
31515.0
31356.0
31307.0
31413.0
31592.0
31691.0
31582.0
31580.0
31521.0
31546.0
31557.0
31553.0
31470.0
31427.0
31372.0
31243.0
31299.0
31285.0
31704.0
31754.0
31569.0
31457.0
31347.0
31232.0
31176.0
31355.0
31604.0
31539.0
31465.0
31568.0
31659.0
31686.0
31582.0
31666.0
31875.0
31865.0
31796.0
31687.0
31654.0
31557.0
31540.0
31565.0
31509.0
31440.0
31465.0
31449.0
31394.0
31219.0
31188.0
31129.0
31400.0
31484.0
31530.0
31484.0
31442.0
31455.0
31287.0
31207.0
31065.0
31235.0
31361.0
31387.0
31422.0
31386.0
31550.0
31605.0
31547.0
31661.0
31730.0
31579.0
31895.0
32162.0
32243.0
32062.0
31907.0
31780.0
31725.0
31556.0
31875.0
32050.0
32178.0
32171.0
31894.0
31729.0
31444.0
31411.0
31633.0
31904.0
32098.0
32365.0
32550.0
32679.0
32737.0
32765.0
32602.0
32496.0
32526.0
32578.0
32720.0
-32520.0
-32412.0
-32372.0
-32361.0
-32079.0
-31974.0
-31892.0
-31916.0
-31754.0
-31736.0
-31875.0
-31990.0
-31998.0
-31903.0
-31876.0
-31853.0
-31904.0
-31891.0
-31815.0
-31956.0
-32043.0
-32194.0
-32364.0
-32433.0
-32403.0
-32186.0
-32258.0
-32197.0
-32285.0
-32270.0
-32420.0
-32431.0
-32513.0
-32579.0
-32613.0
-32369.0
-32054.0
-31673.0
-31584.0
-31530.0
-31654.0
-31861.0
-32110.0
-32657.0
-32721.0
-32534.0
-32187.0
-31879.0
-31647.0
-31633.0
-31917.0
-32304.0
-32546.0
-32664.0
-32566.0
-32231.0
-32168.0
-31952.0
-32143.0
-32239.0
-32505.0
-32510.0
-32309.0
-32348.0
-32513.0
-32595.0
32703.0
32548.0
32546.0
32732.0
-32545.0
-32219.0
-32068.0
-32069.0
-32167.0
-32386.0
-32626.0
32714.0
32532.0
32352.0
32361.0
32391.0
32476.0
32735.0
-32551.0
-32249.0
-32138.0
-32159.0
-32624.0
32506.0
32076.0
31867.0
31797.0
31901.0
32589.0
-32757.0
-32530.0
-32247.0
-32371.0
-32600.0
32724.0
32358.0
32199.0
32080.0
31958.0
31950.0
32016.0
32173.0
32435.0
32418.0
32494.0
32507.0
32294.0
32219.0
31926.0
31561.0
31824.0
31755.0
31808.0
31960.0
32029.0
32020.0
31861.0
31912.0
31775.0
31482.0
31385.0
31464.0
31546.0
31587.0
31814.0
31985.0
31972.0
31915.0
31896.0
31790.0
31663.0
31605.0
31414.0
31372.0
31303.0
31361.0
31443.0
31541.0
31858.0
32267.0
32487.0
32163.0
31888.0
31729.0
31337.0
31350.0
31419.0
31584.0
31856.0
32130.0
32335.0
32411.0
32296.0
32063.0
31928.0
31778.0
31756.0
31718.0
31780.0
31890.0
32134.0
32003.0
32083.0
32328.0
32461.0
32321.0
32202.0
31850.0
31563.0
31255.0
31053.0
31342.0
31672.0
31768.0
32131.0
32469.0
32323.0
32056.0
31977.0
31751.0
31401.0
31036.0
31197.0
31386.0
31387.0
31487.0
31743.0
31761.0
31708.0
31881.0
31897.0
31665.0
31470.0
31294.0
31133.0
31157.0
31226.0
31358.0
31357.0
31215.0
31209.0
31213.0
31181.0
31191.0
31113.0
31163.0
31060.0
31130.0
31400.0
31579.0
31873.0
32129.0
32094.0
31650.0
31153.0
30785.0
30600.0
30569.0
30923.0
31322.0
31937.0
32271.0
32409.0
32393.0
32218.0
31896.0
31808.0
31872.0
31960.0
32176.0
32444.0
32695.0
32706.0
32661.0
-32735.0
-32617.0
-32588.0
-32592.0
-32726.0
32578.0
32474.0
32363.0
32570.0
-32509.0
-32241.0
-31963.0
-31777.0
-31926.0
-32011.0
-32253.0
-32250.0
-32316.0
-32259.0
-32099.0
-32066.0
-32231.0
-32309.0
-32346.0
-32372.0
-32548.0
-32374.0
-32483.0
-32690.0
-32685.0
-32554.0
-32450.0
-32305.0
-32461.0
-32519.0
-32619.0
-32649.0
-32596.0
-32647.0
-32387.0
-32340.0
-32344.0
-32057.0
-31986.0
-32010.0
-32302.0
-32658.0
-32539.0
-32264.0
-32112.0
-31964.0
-31698.0
-31390.0
-31245.0
-31490.0
-31657.0
-31959.0
-32250.0
-32540.0
-32602.0
-32512.0
-32488.0
-32513.0
-32303.0
-31838.0
-31793.0
-31788.0
-31856.0
-31996.0
-32403.0
32694.0
32529.0
32373.0
32465.0
32510.0
32585.0
-32584.0
-32609.0
-32583.0
-32761.0
32613.0
32693.0
32463.0
32139.0
32192.0
32271.0
32279.0
32288.0
32049.0
32193.0
32130.0
32026.0
32199.0
32314.0
32200.0
32021.0
31839.0
31625.0
31524.0
31574.0
31558.0
31619.0
31670.0
31581.0
31708.0
31832.0
31903.0
32089.0
31986.0
31991.0
31957.0
31938.0
31793.0
31795.0
31816.0
31896.0
31989.0
31968.0
31921.0
31588.0
31285.0
31324.0
31574.0
31877.0
32178.0
32402.0
32418.0
32321.0
32024.0
31889.0
31855.0
31687.0
31589.0
31514.0
31552.0
31536.0
31478.0
31461.0
31225.0
31260.0
31359.0
31475.0
31541.0
31298.0
31248.0
31193.0
31137.0
31288.0
31296.0
31299.0
31122.0
31102.0
31098.0
31107.0
31240.0
31341.0
31576.0
31425.0
31279.0
31152.0
31105.0
30840.0
30986.0
31119.0
31332.0
31329.0
31444.0
31501.0
31206.0
31179.0
31177.0
31454.0
31412.0
31341.0
31137.0
31235.0
31194.0
30968.0
30924.0
31023.0
30989.0
30766.0
31094.0
31247.0
31261.0
31134.0
31147.0
31095.0
31111.0
31027.0
30906.0
30810.0
30796.0
30902.0
31118.0
31359.0
31380.0
31436.0
31488.0
31307.0
31077.0
31134.0
31152.0
31295.0
31428.0
31628.0
31493.0
31472.0
31368.0
31152.0
30920.0
30800.0
30753.0
30709.0
30799.0
31033.0
31368.0
31432.0
31395.0
31427.0
31416.0
31211.0
30941.0
30624.0
30371.0
30411.0
30656.0
31352.0
31654.0
32242.0
32260.0
32057.0
31708.0
31161.0
30751.0
30771.0
30729.0
30985.0
31410.0
31654.0
31852.0
31889.0
31820.0
31649.0
31628.0
31568.0
31547.0
31520.0
31354.0
31511.0
31960.0
32142.0
32347.0
32550.0
32620.0
32547.0
32504.0
32369.0
32193.0
32025.0
32177.0
32407.0
32701.0
-32736.0
-32617.0
-32661.0
-32605.0
32664.0
32626.0
32409.0
32185.0
32113.0
32099.0
31973.0
31932.0
32148.0
32436.0
32390.0
32366.0
32295.0
32265.0
32200.0
32476.0
32702.0
-32753.0
-32559.0
-32409.0
-32612.0
32599.0
32466.0
32482.0
32459.0
32653.0
-32447.0
-32157.0
-32023.0
-32327.0
-32626.0
32558.0
32302.0
32180.0
32428.0
32432.0
32598.0
32567.0
32539.0
32659.0
32677.0
-32743.0
-32689.0
-32643.0
-32712.0
32588.0
32211.0
31972.0
31923.0
31987.0
32323.0
32721.0
-32540.0
-32518.0
-32505.0
32739.0
32474.0
32161.0
32026.0
31910.0
32053.0
31999.0
32042.0
32351.0
32400.0
32612.0
32544.0
32417.0
32314.0
32359.0
32113.0
31780.0
31875.0
31879.0
31866.0
32162.0
32394.0
32420.0
32349.0
32221.0
32223.0
32062.0
31869.0
31890.0
32067.0
31968.0
31845.0
31848.0
31911.0
31812.0
31890.0
31886.0
31598.0
31611.0
31487.0
31119.0
31009.0
31135.0
31277.0
31376.0
31514.0
31675.0
31656.0
31479.0
31324.0
31310.0
31279.0
31281.0
31477.0
31734.0
31854.0
31657.0
31513.0
31314.0
31120.0
31085.0
31136.0
31281.0
31217.0
31138.0
31135.0
31205.0
31104.0
30946.0
31060.0
31078.0
30786.0
30736.0
30961.0
31273.0
31509.0
31728.0
31831.0
31936.0
31780.0
31497.0
31165.0
31233.0
31190.0
31166.0
31274.0
31570.0
31584.0
31489.0
31481.0
31476.0
31424.0
31447.0
31426.0
31349.0
31217.0
31228.0
30856.0
30695.0
30748.0
30928.0
31002.0
31367.0
31607.0
31481.0
31256.0
31099.0
31108.0
31150.0
31165.0
31101.0
31133.0
30965.0
30738.0
30728.0
30618.0
30876.0
30856.0
30756.0
30799.0
30790.0
30602.0
30417.0
30349.0
30230.0
30315.0
30439.0
30527.0
30351.0
30618.0
30621.0
30821.0
30849.0
31269.0
31541.0
31495.0
31443.0
31454.0
31183.0
31009.0
30941.0
30928.0
31093.0
31282.0
31365.0
31671.0
31697.0
31544.0
31516.0
31454.0
31223.0
31061.0
30947.0
31027.0
31220.0
31405.0
31883.0
32194.0
32436.0
32666.0
32664.0
32616.0
32482.0
32161.0
31957.0
31994.0
31969.0
32172.0
32494.0
32633.0
32681.0
-32628.0
-32654.0
-32603.0
-32570.0
-32580.0
-32603.0
-32667.0
32645.0
32692.0
32480.0
32760.0
-32678.0
-32576.0
-32590.0
-32674.0
-32689.0
32671.0
32606.0
-32734.0
-32579.0
-32329.0
-32051.0
-31789.0
-31736.0
-31877.0
-31915.0
-31840.0
-31945.0
-32057.0
-31905.0
-31800.0
-31854.0
-32282.0
-32386.0
-32596.0
-32587.0
-32377.0
-31995.0
-31652.0
-31337.0
-31524.0
-31712.0
-32227.0
-32593.0
32648.0
32720.0
32758.0
-32642.0
-32422.0
-32276.0
-32130.0
-32050.0
-31852.0
-31783.0
-31811.0
-31848.0
-31931.0
-32292.0
-32729.0
-32681.0
-32697.0
-32521.0
-32367.0
-32417.0
-32541.0
-32446.0
-32412.0
-32228.0
-32103.0
-32070.0
-32218.0
-32349.0
-32426.0
-32686.0
-32613.0
-32518.0
-32364.0
-32184.0
-32119.0
-31830.0
-32153.0
-32211.0
-32514.0
-32600.0
-32415.0
-32303.0
-32279.0
-32154.0
-32184.0
-32462.0
32755.0
32529.0
32541.0
32664.0
-32600.0
-32585.0
-32631.0
-32695.0
-32767.0
32736.0
32713.0
32661.0
32727.0
32705.0
32516.0
32450.0
32564.0
32628.0
-32678.0
-32316.0
-32189.0
-32358.0
-32621.0
32767.0
32614.0
32471.0
32321.0
32493.0
32528.0
32643.0
32598.0
32526.0
32654.0
32343.0
32275.0
32394.0
32718.0
-32762.0
-32588.0
-32658.0
32696.0
32386.0
32168.0
32052.0
32028.0
32127.0
32201.0
32346.0
32304.0
32323.0
32346.0
32182.0
31882.0
31751.0
31784.0
31742.0
31846.0
31679.0
31570.0
31385.0
31487.0
31668.0
31825.0
31926.0
31913.0
31946.0
31672.0
31478.0
31681.0
31788.0
31956.0
32010.0
32071.0
31973.0
31921.0
31919.0
31976.0
31941.0
31843.0
31792.0
31673.0
31839.0
31729.0
31874.0
32059.0
32258.0
32313.0
32197.0
31963.0
31638.0
31376.0
31299.0
31558.0
31919.0
32064.0
32104.0
32155.0
32172.0
32165.0
31893.0
31910.0
31696.0
31535.0
31349.0
31281.0
31341.0
31568.0
32138.0
32509.0
-32713.0
-32611.0
-32487.0
32551.0
32092.0
31856.0
31601.0
31692.0
31815.0
31923.0
31995.0
32101.0
32008.0
32213.0
32374.0
32464.0
32503.0
32442.0
32155.0
31892.0
31951.0
31774.0
31927.0
32387.0
-32675.0
-32469.0
-32359.0
-32262.0
-32542.0
32600.0
32370.0
32353.0
32400.0
32460.0
32723.0
-32563.0
-32414.0
-32078.0
-32050.0
-32199.0
-32349.0
-32439.0
-32662.0
32584.0
32686.0
32732.0
-32642.0
-32563.0
-32452.0
-32117.0
-32341.0
-32668.0
-32746.0
32670.0
32662.0
32652.0
-32731.0
-32610.0
32741.0
-32734.0
-32426.0
-32197.0
-32183.0
-32165.0
-32390.0
-32562.0
-32632.0
-32725.0
-32597.0
-32215.0
-31894.0
-31719.0
-31921.0
-32374.0
-32611.0
-32709.0
-32465.0
-31981.0
-31843.0
-31877.0
-31995.0
-32510.0
32420.0
32111.0
31925.0
32056.0
32434.0
-32708.0
-32440.0
-32233.0
-32444.0
-32431.0
-32658.0
-32645.0
-32653.0
-32356.0
-32371.0
-32466.0
-32484.0
-32466.0
-32467.0
-32507.0
-32164.0
-31835.0
-32044.0
-32315.0
-32301.0
32731.0
32361.0
32214.0
32524.0
-32666.0
-32493.0
-32251.0
-32127.0
-32214.0
-32552.0
-32648.0
-32743.0
32681.0
32393.0
32318.0
32254.0
32073.0
31966.0
32027.0
32299.0
32460.0
32514.0
32533.0
32527.0
32306.0
32202.0
32156.0
32230.0
32561.0
32725.0
-32648.0
-32345.0
-32244.0
-32334.0
-32512.0
-32590.0
-32599.0
-32681.0
-32756.0
32617.0
32730.0
32493.0
32486.0
32722.0
-32599.0
-32540.0
-32546.0
-32503.0
-32502.0
32683.0
32382.0
32237.0
31972.0
32039.0
32220.0
32543.0
32722.0
-32696.0
-32523.0
-32547.0
32703.0
32717.0
32757.0
-32614.0
32729.0
-32738.0
-32468.0
-32577.0
-32468.0
-32403.0
-32364.0
-32334.0
-32325.0
-32471.0
-32768.0
32675.0
32602.0
32677.0
-32715.0
-32641.0
-32597.0
-32575.0
-32745.0
32693.0
32621.0
32564.0
32405.0
32462.0
32579.0
32693.0
-32753.0
-32630.0
-32650.0
32711.0
32722.0
32760.0
-32714.0
32664.0
-32748.0
-32718.0
-32736.0
32688.0
-32765.0
-32611.0
-32720.0
32682.0
32684.0
32682.0
32472.0
32498.0
32576.0
32514.0
32548.0
-32715.0
32710.0
32753.0
32699.0
32721.0
-32764.0
-32713.0
-32479.0
-32471.0
-32690.0
32483.0
32370.0
32383.0
32298.0
32470.0
-32734.0
-32708.0
-32628.0
-32620.0
-32546.0
32754.0
32465.0
32362.0
32337.0
32321.0
32179.0
32296.0
32379.0
32319.0
32481.0
32575.0
-32710.0
-32605.0
-32597.0
-32635.0
32753.0
32491.0
32329.0
32180.0
32269.0
32327.0
32643.0
-32757.0
-32533.0
-32502.0
-32415.0
-32536.0
-32611.0
32692.0
32482.0
32450.0
32309.0
32409.0
32488.0
-32744.0
-32525.0
-32491.0
-32521.0
-32617.0
-32545.0
-32491.0
-32614.0
-32646.0
-32572.0
-32574.0
-32653.0
32643.0
32605.0
-32768.0
-32571.0
-32315.0
-32047.0
-32037.0
-32173.0
-32671.0
32447.0
32446.0
32578.0
-32757.0
-32638.0
-32370.0
-32257.0
-32400.0
-32567.0
-32556.0
-32276.0
-31919.0
-31644.0
-31406.0
-31365.0
-31910.0
-32094.0
-32176.0
-31844.0
-31683.0
-31560.0
-31570.0
-31546.0
-31997.0
-32384.0
-32607.0
-32549.0
-32396.0
-31901.0
-31684.0
-31451.0
-31183.0
-31443.0
-31499.0
-31674.0
-31912.0
-32206.0
-32176.0
-32036.0
-32104.0
-31859.0
-31692.0
-31561.0
-31260.0
-31096.0
-31253.0
-31565.0
-31710.0
-31999.0
-32128.0
-32108.0
-31859.0
-31576.0
-31429.0
-31262.0
-31322.0
-31345.0
-31389.0
-31279.0
-31173.0
-31248.0
-31785.0
-32260.0
-32528.0
-32626.0
-32356.0
-31895.0
-31487.0
-31078.0
-31073.0
-31139.0
-31374.0
-31872.0
-32228.0
-32451.0
-32617.0
-32585.0
-32488.0
-32362.0
-32288.0
-32001.0
-31918.0
-32007.0
-32032.0
-32170.0
-32277.0
-32373.0
-32420.0
-32611.0
-32703.0
-32447.0
-32147.0
-32117.0
-32134.0
-32209.0
-32553.0
32749.0
32519.0
32422.0
32420.0
32679.0
-32478.0
-32498.0
-32519.0
-32373.0
-32448.0
-32415.0
-32446.0
-32542.0
-32536.0
-32681.0
-32632.0
-32728.0
-32651.0
-32689.0
-32324.0
-32108.0
-32076.0
-32071.0
-32022.0
-32272.0
-32222.0
-32409.0
-32442.0
-32536.0
-32500.0
-32708.0
32756.0
32738.0
32765.0
32462.0
32345.0
32688.0
32625.0
32674.0
-32677.0
-32646.0
-32679.0
32706.0
32596.0
32714.0
32630.0
32757.0
32687.0
32716.0
32532.0
32473.0
32559.0
32648.0
32678.0
32535.0
32552.0
32750.0
-32752.0
-32669.0
-32604.0
-32682.0
32687.0
32440.0
32520.0
32418.0
32145.0
32106.0
32183.0
32436.0
32375.0
32397.0
32342.0
32018.0
31881.0
31911.0
31924.0
31906.0
32188.0
32586.0
32564.0
32597.0
32660.0
-32594.0
-32694.0
-32581.0
-32726.0
32486.0
32160.0
31780.0
31598.0
31597.0
31842.0
32102.0
32676.0
-32425.0
-32329.0
-32311.0
-32305.0
-32566.0
32604.0
32398.0
32291.0
32129.0
32350.0
32745.0
-32617.0
-32291.0
-32058.0
-31921.0
-31919.0
-32284.0
-32484.0
32605.0
32406.0
32449.0
32539.0
-32654.0
-32341.0
-32222.0
-31993.0
-31950.0
-31915.0
-31892.0
-32010.0
-32089.0
-32254.0
-32406.0
-32433.0
-32433.0
-32263.0
-31962.0
-31782.0
-31760.0
-31671.0
-31722.0
-31979.0
-32234.0
-32400.0
-32577.0
-32572.0
-32321.0
-32431.0
-32164.0
-32140.0
-32095.0
-32077.0
-31936.0
-31966.0
-31808.0
-31675.0
-31553.0
-31605.0
-31581.0
-31746.0
-31799.0
-31918.0
-31861.0
-31645.0
-31331.0
-31199.0
-31113.0
-31250.0
-31637.0
-31908.0
-32248.0
-32539.0
-32477.0
-32213.0
-32075.0
-31897.0
-31772.0
-31797.0
-31835.0
-31579.0
-31501.0
-31678.0
-31772.0
-32039.0
-32058.0
-32057.0
-31815.0
-31534.0
-31162.0
-31100.0
-31255.0
-31417.0
-31827.0
-32351.0
-32671.0
-32753.0
-32628.0
-32457.0
-32266.0
-31998.0
-31647.0
-31534.0
-31517.0
-31562.0
-31863.0
-32124.0
-32159.0
-32588.0
-32725.0
32728.0
32604.0
32705.0
-32421.0
-32070.0
-31947.0
-31866.0
-32068.0
-32488.0
32664.0
32547.0
32412.0
32552.0
32662.0
-32399.0
-32369.0
-32304.0
-32342.0
-32299.0
-32448.0
-32598.0
-32631.0
32624.0
32395.0
32388.0
32419.0
32409.0
32547.0
32721.0
-32613.0
-32635.0
32698.0
32425.0
32443.0
32352.0
32512.0
32674.0
32624.0
32554.0
32509.0
32517.0
32451.0
32400.0
32549.0
32578.0
32494.0
32463.0
32320.0
32198.0
32002.0
31943.0
31799.0
31795.0
32010.0
32245.0
32291.0
32208.0
31997.0
31715.0
31762.0
31751.0
31738.0
31837.0
31947.0
32049.0
32162.0
31995.0
32037.0
31994.0
31829.0
31866.0
32023.0
32202.0
32321.0
32314.0
32217.0
32045.0
31831.0
31627.0
31505.0
31502.0
31515.0
31685.0
31898.0
32172.0
32326.0
32540.0
32592.0
32511.0
32389.0
32191.0
31897.0
31636.0
31387.0
31330.0
31515.0
31834.0
31813.0
31884.0
32091.0
32280.0
32473.0
32538.0
32403.0
32309.0
32093.0
31842.0
31803.0
32014.0
32197.0
32543.0
-32639.0
-32537.0
-32485.0
-32441.0
-32448.0
-32454.0
-32612.0
-32724.0
-32761.0
32687.0
32683.0
32642.0
32582.0
32633.0
-32680.0
-32496.0
-32519.0
-32701.0
32527.0
32238.0
32000.0
31684.0
31795.0
32043.0
32303.0
32383.0
32560.0
-32579.0
-32491.0
-32586.0
-32416.0
32634.0
32199.0
31966.0
32095.0
32290.0
32622.0
-32370.0
-31860.0
-31642.0
-31655.0
-31714.0
-31937.0
-32299.0
-32616.0
-32632.0
-32688.0
-32629.0
-32364.0
-32109.0
-31857.0
-31662.0
-31573.0
-31555.0
-31554.0
-31819.0
-32167.0
-32273.0
-32401.0
-32288.0
-32245.0
-32020.0
-31819.0
-31846.0
-31927.0
-32180.0
-32201.0
-32343.0
-32255.0
-31767.0
-31331.0
-31192.0
-31253.0
-31674.0
-32089.0
-32187.0
-32141.0
-31741.0
-31045.0
-30634.0
-30709.0
-31004.0
-31547.0
-31959.0
-32171.0
-32398.0
-32097.0
-31547.0
-31432.0
-31428.0
-31483.0
-31615.0
-31854.0
-31817.0
-31576.0
-31377.0
-31486.0
-31627.0
-32143.0
-32579.0
32695.0
32755.0
-32613.0
-32241.0
-32154.0
-32110.0
-32175.0
-32247.0
-32407.0
-32391.0
-32537.0
-32473.0
-32293.0
-32241.0
-32398.0
-32512.0
-32547.0
-32454.0
-32195.0
-31970.0
-31972.0
-32281.0
-32578.0
32594.0
32334.0
32151.0
32627.0
-32613.0
-32474.0
-32359.0
-32403.0
-32691.0
32524.0
32599.0
32575.0
32592.0
-32715.0
-32561.0
-32549.0
-32680.0
32709.0
32425.0
32211.0
32174.0
32244.0
32261.0
32399.0
32397.0
32688.0
32765.0
-32694.0
-32733.0
32530.0
32275.0
31877.0
31562.0
31264.0
31474.0
31546.0
31659.0
31714.0
31952.0
31914.0
31821.0
31760.0
31647.0
31584.0
31455.0
31356.0
31551.0
31712.0
31758.0
32038.0
32149.0
32127.0
32273.0
32437.0
32206.0
31879.0
31506.0
31217.0
31007.0
31314.0
31610.0
31917.0
32261.0
32516.0
32693.0
32682.0
32763.0
32734.0
32464.0
32096.0
31805.0
31662.0
31654.0
31754.0
31884.0
32185.0
32527.0
32499.0
32364.0
32454.0
32312.0
32067.0
31985.0
31868.0
32059.0
32174.0
32340.0
32478.0
32415.0
32494.0
32476.0
32452.0
32300.0
32260.0
32087.0
31979.0
31865.0
31710.0
31570.0
31688.0
31989.0
32150.0
32100.0
32065.0
31988.0
31687.0
31426.0
31378.0
31485.0
31530.0
31710.0
31913.0
32037.0
31838.0
31877.0
31512.0
31490.0
31636.0
31699.0
31956.0
32251.0
32168.0
32120.0
31977.0
32059.0
32140.0
32127.0
32152.0
32119.0
32294.0
32262.0
32766.0
-32585.0
-32518.0
-32333.0
-32258.0
-32400.0
-32541.0
-32651.0
-32691.0
-32513.0
-32185.0
-31901.0
-31907.0
-31950.0
-32059.0
-32243.0
-32680.0
-32638.0
-32450.0
-32176.0
-31829.0
-31477.0
-31382.0
-31655.0
-31590.0
-31391.0
-31125.0
-31234.0
-31366.0
-31341.0
-31482.0
-31782.0
-31728.0
-31801.0
-31589.0
-31404.0
-31073.0
-30843.0
-30737.0
-30790.0
-30805.0
-30866.0
-30838.0
-30921.0
-30928.0
-30955.0
-31181.0
-31228.0
-31020.0
-30685.0
-30352.0
-30038.0
-30046.0
-30398.0
-30883.0
-31371.0
-31785.0
-31939.0
-31781.0
-31385.0
-31133.0
-31001.0
-30870.0
-30959.0
-31179.0
-31369.0
-31163.0
-30887.0
-30827.0
-31277.0
-31579.0
-31930.0
-32260.0
-32340.0
-32204.0
-31998.0
-31840.0
-31763.0
-31755.0
-31970.0
-32245.0
-32578.0
-32676.0
-32503.0
-32607.0
-32675.0
-32657.0
-32495.0
-32400.0
-32322.0
-32189.0
-32243.0
-32499.0
32703.0
32473.0
32460.0
32391.0
32418.0
32655.0
-32758.0
32652.0
32446.0
32193.0
32100.0
31797.0
31503.0
31449.0
31523.0
31649.0
31620.0
31557.0
31720.0
31742.0
31858.0
32124.0
32300.0
32001.0
31644.0
31353.0
31152.0
31009.0
31119.0
31251.0
31428.0
31555.0
31504.0
31280.0
31234.0
31230.0
31153.0
31047.0
30949.0
31095.0
31220.0
31573.0
31614.0
31929.0
32042.0
32091.0
31946.0
31672.0
31389.0
31079.0
30938.0
30695.0
30821.0
30834.0
30981.0
31348.0
31624.0
31748.0
31988.0
31909.0
31961.0
31799.0
31313.0
31085.0
30905.0
30958.0
31112.0
31458.0
31619.0
31718.0
31893.0
31961.0
31921.0
31554.0
31279.0
31236.0
31249.0
31058.0
31040.0
31443.0
31591.0
32037.0
32240.0
32308.0
32247.0
31975.0
31610.0
31358.0
31061.0
30950.0
31216.0
31404.0
31644.0
32072.0
32453.0
32262.0
32082.0
31743.0
31165.0
30985.0
31149.0
31437.0
31679.0
31749.0
31706.0
31801.0
31650.0
31705.0
31582.0
31615.0
31693.0
31671.0
31677.0
31696.0
31818.0
32084.0
32437.0
32677.0
-32601.0
-32712.0
32644.0
32383.0
31895.0
31751.0
31832.0
32018.0
32401.0
32599.0
32684.0
32576.0
32189.0
31842.0
31729.0
31430.0
31437.0
31705.0
32060.0
32616.0
-32574.0
-32356.0
-32286.0
-32503.0
32575.0
32304.0
31985.0
31885.0
31896.0
32169.0
32615.0
-32407.0
-31922.0
-31620.0
-31598.0
-31726.0
-31836.0
-32172.0
-32397.0
-32495.0
-32338.0
-32103.0
-31766.0
-31483.0
-31106.0
-30807.0
-30726.0
-30734.0
-30786.0
-31204.0
-31567.0
-31778.0
-31696.0
-31584.0
-31277.0
-31178.0
-30735.0
-30532.0
-30452.0
-30409.0
-30792.0
-31264.0
-31527.0
-31703.0
-31464.0
-31060.0
-30511.0
-30208.0
-30159.0
-30361.0
-30577.0
-30887.0
-30930.0
-30651.0
-30413.0
-30251.0
-30261.0
-30402.0
-30679.0
-31007.0
-31100.0
-31232.0
-31224.0
-31102.0
-31198.0
-31210.0
-31241.0
-31293.0
-31087.0
-30998.0
-30579.0
-30700.0
-30935.0
-31017.0
-31122.0
-31408.0
-31496.0
-31317.0
-31113.0
-31141.0
-31033.0
-31155.0
-31233.0
-31382.0
-31433.0
-31395.0
-31156.0
-31061.0
-31184.0
-31305.0
-31475.0
-31761.0
-32114.0
-32220.0
-32159.0
-31991.0
-31954.0
-32042.0
-32151.0
-32113.0
-32184.0
-32185.0
-32297.0
-32440.0
-32682.0
32662.0
32499.0
32421.0
32567.0
32692.0
-32689.0
-32617.0
-32370.0
-32365.0
-32479.0
-32622.0
-32578.0
32710.0
32478.0
32423.0
32304.0
32002.0
32056.0
31941.0
31998.0
32101.0
32051.0
32016.0
32148.0
31960.0
32081.0
32326.0
32301.0
32343.0
32466.0
32464.0
32326.0
32114.0
32068.0
31952.0
31898.0
31837.0
31925.0
32049.0
32157.0
32287.0
32238.0
32280.0
32179.0
32156.0
31857.0
31729.0
31696.0
31509.0
31705.0
31472.0
31796.0
31703.0
31485.0
31532.0
31532.0
31540.0
31444.0
31544.0
31625.0
31618.0
31647.0
31730.0
31714.0
31838.0
31703.0
31483.0
31629.0
31610.0
31609.0
31591.0
31430.0
31360.0
31171.0
30971.0
30828.0
30465.0
30540.0
30625.0
30719.0
30881.0
31079.0
31053.0
30948.0
30815.0
30409.0
30471.0
30385.0
30392.0
31883.0
-32524.0
-31071.0
30541.0
-32362.0
-32055.0
32413.0
-29048.0
-31917.0
-27862.0
-29900.0
-30273.0
-28236.0
-27711.0
-27330.0
-25580.0
-27286.0
-23900.0
-27109.0
-23886.0
-24472.0
-25339.0
-23338.0
-25249.0
-24333.0
-23495.0
-23961.0
-23652.0
-24115.0
-23421.0
-22879.0
-23639.0
-23086.0
-23606.0
-23908.0
-24093.0
-23670.0
-24573.0
-24393.0
-24357.0
-24070.0
-23954.0
-23784.0
-24126.0
-23051.0
-21616.0
-22508.0
-23279.0
-22991.0
-23045.0
-23109.0
-23133.0
-23129.0
-22943.0
-22868.0
-22413.0
-21174.0
-21022.0
-21731.0
-22168.0
-22362.0
-22830.0
-22829.0
-23072.0
-22706.0
-22366.0
-22436.0
-22452.0
-23325.0
-21341.0
-20519.0
-21743.0
-22327.0
-22924.0
-23403.0
-21911.0
-21672.0
-21665.0
-21922.0
-22029.0
-21572.0
-20424.0
-20125.0
-19959.0
-19698.0
-19760.0
-19616.0
-19117.0
-18873.0
-18767.0
-18467.0
-18218.0
-18015.0
-17765.0
-17787.0
-17741.0
-17401.0
-16698.0
-16391.0
-16566.0
-16938.0
-17111.0
-17485.0
-17835.0
-17631.0
-17566.0
-17215.0
-17063.0
-16936.0
-16552.0
-15999.0
-16031.0
-15968.0
-16031.0
-16182.0
-16172.0
-15855.0
-15948.0
-16539.0
-16384.0
-15974.0
-15894.0
-15845.0
-15684.0
-15348.0
-15358.0
-15410.0
-15580.0
-15879.0
-15838.0
-16145.0
-16155.0
-16225.0
-16068.0
-16053.0
-16012.0
-16022.0
-16150.0
-16612.0
-16804.0
-16586.0
-16518.0
-16804.0
-16834.0
-16605.0
-16588.0
-16367.0
-16331.0
-16347.0
-16658.0
-16470.0
-16863.0
-17151.0
-17494.0
-16857.0
-16258.0
-16036.0
-16518.0
-16706.0
-17138.0
-17494.0
-17831.0
-18037.0
-18196.0
-18121.0
-18161.0
-17818.0
-17847.0
-17796.0
-17571.0
-17668.0
-17577.0
-17831.0
-18122.0
-18441.0
-18676.0
-18910.0
-18726.0
-18726.0
-18616.0
-18562.0
-18419.0
-18607.0
-18777.0
-19423.0
-19697.0
-19813.0
-19826.0
-19868.0
-19370.0
-19609.0
-19978.0
-19936.0
-20007.0
-20132.0
-20353.0
-20501.0
-20961.0
-21416.0
-21616.0
-21523.0
-21488.0
-21530.0
-21799.0
-21702.0
-21547.0
-21742.0
-21863.0
-22377.0
-22851.0
-23049.0
-23267.0
-23409.0
-22819.0
-22580.0
-22808.0
-23332.0
-23434.0
-23943.0
-23982.0
-23990.0
-24261.0
-24095.0
-24044.0
-23625.0
-23378.0
-23648.0
-23835.0
-23872.0
-24162.0
-24431.0
-24683.0
-25275.0
-25620.0
-25859.0
-25590.0
-25342.0
-25187.0
-25411.0
-25644.0
-26098.0
-26235.0
-26070.0
-25947.0
-26185.0
-26125.0
-26045.0
-26275.0
-26637.0
-27291.0
-27329.0
-27425.0
-27334.0
-27546.0
-27342.0
-27266.0
-27459.0
-27498.0
-27799.0
-28053.0
-28685.0
-28528.0
-28394.0
-28272.0
-28358.0
-29363.0
-29207.0
-28923.0
-28780.0
-28743.0
-28805.0
-28969.0
-29153.0
-29733.0
-30351.0
-31279.0
-31832.0
-31999.0
-32105.0
-31976.0
-31639.0
-31626.0
-31532.0
-31903.0
-32169.0
-32462.0
-32430.0
-32383.0
-32587.0
-32492.0
-32329.0
-32452.0
-32543.0
32706.0
32623.0
-32710.0
32650.0
32328.0
32320.0
32138.0
31354.0
31147.0
30877.0
31044.0
31223.0
31197.0
31442.0
31259.0
30999.0
30748.0
30752.0
30529.0
30477.0
30618.0
30973.0
31339.0
31368.0
31410.0
31319.0
30997.0
30481.0
30501.0
30569.0
30794.0
30973.0
31466.0
31890.0
31987.0
32364.0
32508.0
32466.0
32274.0
32358.0
32398.0
32146.0
32168.0
32340.0
32504.0
32703.0
-32674.0
-32662.0
-32365.0
-32408.0
-32117.0
-32371.0
32765.0
32430.0
32211.0
32342.0
32354.0
32535.0
-32408.0
-32103.0
-31858.0
-31586.0
-31549.0
-31768.0
-32011.0
-32088.0
-32097.0
-32211.0
-32298.0
-32110.0
-31866.0
-31646.0
-31408.0
-31349.0
-31382.0
-31501.0
-31598.0
-31747.0
-31745.0
-31487.0
-31471.0
-31568.0
-31424.0
-31599.0
-31634.0
-32024.0
-32307.0
-32341.0
-32616.0
-32728.0
-32584.0
-32420.0
-32539.0
-32569.0
-32169.0
-32096.0
-31793.0
-30490.0
-29991.0
-30021.0
-29888.0
-30374.0
-30934.0
-31240.0
-31336.0
-31434.0
-31387.0
-31274.0
-31226.0
-30934.0
-30862.0
-30332.0
-29824.0
-29911.0
-30116.0
-30987.0
-31725.0
-32010.0
-32449.0
-32589.0
-32526.0
32709.0
32437.0
32161.0
31882.0
31395.0
30965.0
31347.0
31194.0
31059.0
31034.0
30983.0
30781.0
30686.0
30874.0
30724.0
30738.0
30528.0
30689.0
30794.0
30551.0
30643.0
30687.0
30486.0
30264.0
30207.0
30141.0
29518.0
28822.0
28598.0
28380.0
28138.0
28221.0
28488.0
28424.0
28483.0
27969.0
27700.0
27572.0
27184.0
26662.0
26386.0
26291.0
25753.0
25706.0
25525.0
25759.0
26240.0
26506.0
26593.0
26486.0
26239.0
25887.0
25663.0
25571.0
25575.0
25481.0
25547.0
25499.0
25372.0
25225.0
25213.0
25319.0
24821.0
24706.0
24870.0
25113.0
25109.0
25259.0
25583.0
25568.0
25157.0
25313.0
25093.0
25006.0
24699.0
24058.0
23873.0
23875.0
24212.0
24431.0
24495.0
24749.0
25069.0
25246.0
25104.0
24714.0
24464.0
24335.0
24601.0
24441.0
24505.0
24401.0
24668.0
25090.0
25265.0
25277.0
24867.0
24512.0
24047.0
23482.0
22897.0
22478.0
23044.0
23676.0
24042.0
24164.0
24575.0
24801.0
24926.0
25077.0
25197.0
25111.0
25028.0
24952.0
24862.0
24544.0
24844.0
24998.0
25441.0
25573.0
25886.0
26125.0
26311.0
26019.0
25946.0
25499.0
25062.0
25126.0
25012.0
25104.0
25430.0
25808.0
25951.0
25972.0
26035.0
25910.0
25892.0
25615.0
25519.0
25497.0
25304.0
25679.0
26121.0
26398.0
26538.0
26676.0
26694.0
26593.0
26579.0
26585.0
26778.0
26917.0
27143.0
27562.0
27615.0
27675.0
27788.0
27956.0
27984.0
28135.0
28646.0
29096.0
29235.0
29582.0
29378.0
29305.0
29365.0
29492.0
29686.0
29949.0
29853.0
29771.0
29973.0
29993.0
29879.0
30128.0
30392.0
30582.0
30582.0
30448.0
30537.0
30581.0
30313.0
30400.0
30763.0
30470.0
30620.0
30791.0
30762.0
30984.0
30890.0
30748.0
30925.0
31032.0
30742.0
30752.0
30933.0
30718.0
30548.0
30552.0
30710.0
30618.0
30359.0
30473.0
30547.0
30575.0
30613.0
30710.0
30903.0
30816.0
30539.0
30434.0
30574.0
30362.0
30063.0
30070.0
30498.0
30570.0
30407.0
30247.0
30225.0
30442.0
29950.0
29679.0
29835.0
30266.0
30341.0
30590.0
30616.0
30576.0
30651.0
30687.0
30895.0
31169.0
31420.0
31121.0
31157.0
30963.0
30575.0
30661.0
30715.0
30811.0
30909.0
30879.0
30672.0
30525.0
30483.0
30587.0
30480.0
30755.0
30699.0
30616.0
30226.0
30514.0
30451.0
30523.0
30622.0
30562.0
30733.0
30389.0
30356.0
30337.0
30094.0
29820.0
29761.0
29855.0
29685.0
29687.0
29417.0
29311.0
29282.0
29193.0
28973.0
28713.0
28640.0
28845.0
29083.0
29469.0
29695.0
29717.0
29493.0
29149.0
29137.0
28999.0
28857.0
28517.0
28637.0
28724.0
28881.0
28801.0
28919.0
28931.0
28716.0
28577.0
28088.0
27396.0
27222.0
27431.0
27606.0
27792.0
27728.0
27875.0
27843.0
27667.0
27530.0
27536.0
27657.0
27848.0
27624.0
27704.0
27773.0
27590.0
27641.0
27527.0
27687.0
27966.0
28145.0
28037.0
28054.0
27818.0
27516.0
27238.0
27137.0
27349.0
27352.0
27125.0
27020.0
27098.0
27152.0
27384.0
27366.0
27239.0
27418.0
27072.0
26772.0
26460.0
26292.0
25968.0
26186.0
26728.0
27374.0
27868.0
28248.0
28330.0
28369.0
28115.0
27532.0
27093.0
27367.0
27376.0
27937.0
28566.0
29142.0
29389.0
29653.0
29481.0
29291.0
28945.0
28481.0
28682.0
29055.0
29404.0
29640.0
29797.0
30231.0
30676.0
30683.0
30186.0
29722.0
29734.0
29646.0
29614.0
29625.0
29481.0
29540.0
29565.0
30108.0
30362.0
30061.0
30054.0
29823.0
29470.0
29435.0
29406.0
29509.0
29592.0
29552.0
29676.0
29814.0
30091.0
30366.0
30516.0
30552.0
30359.0
29908.0
